														
/////////////////////////////////////////////////////////////////////////////																	
//NPC NAME JAMES																	
/////////////////////////////////////////////////////////////////////////////																	
//Index Type   	Level   Dur   	Skill   Luck   Option   ExcOp	SetOp	JoH	OEx	Socket1	Socket2	Socket3	Socket4	Socket5							
0																	
7       110     0       0       0       0      0        0       0       0       0       255     255     255     255     255							255	0									
7       111     0       0       0       0      0        0       0       0       0       255     255     255     255     255							255	0									
7       112     0       0       0       0      0        0       0       0       0       255     255     255     255     255							255	0									
7       113     0       0       0       0      0        0       0       0       0       255     255     255     255     255							255	0	
8       110     0       0       0       0      0        0       0       0       0       255     255     255     255     255							255	0									
8       111     0       0       0       0      0        0       0       0       0       255     255     255     255     255							255	0									
8       112     0       0       0       0      0        0       0       0       0       255     255     255     255     255							255	0									
8       113     0       0       0       0      0        0       0       0       0       255     255     255     255     255							255	0	
10      110     0       0       0       0      0        0       0       0       0       255     255     255     255     255							255	0									
10      111     0       0       0       0      0        0       0       0       0       255     255     255     255     255							255	0									
10      112     0       0       0       0      0        0       0       0       0       255     255     255     255     255							255	0									
10      113     0       0       0       0      0        0       0       0       0       255     255     255     255     255							255	0	
9       110     0       0       0       0      0        0       0       0       0       255     255     255     255     255							255	0									
9       111     0       0       0       0      0        0       0       0       0       255     255     255     255     255							255	0									
9       112     0       0       0       0      0        0       0       0       0       255     255     255     255     255							255	0									
9       113     0       0       0       0      0        0       0       0       0       255     255     255     255     255							255	0	
11      110     0       0       0       0      0        0       0       0       0       255     255     255     255     255							255	0									
11      111     0       0       0       0      0        0       0       0       0       255     255     255     255     255							255	0									
11      112     0       0       0       0      0        0       0       0       0       255     255     255     255     255							255	0									
11      113     0       0       0       0      0        0       0       0       0       255     255     255     255     255							255	0	
14      412     0       0       0       0      0        0       0       0       0       255     255     255     255     255							255	0
14      408     0       0       0       0      0        0       0       0       0       255     255     255     255     255							255	0									
14      413     0       0       0       0      0        0       0       0       0       255     255     255     255     255							255	0									
14      415     0       0       0       0      0        0       0       0       0       255     255     255     255     255							255	0									
14      414     0       0       0       0      0        0       0       0       0       255     255     255     255     255							255	0									
14      417     0       0       0       0      0        0       0       0       0       255     255     255     255     255							255	0	
14      173     0       0       0       0      0        0       0       0       0       255     255     255     255     255							255	0									
																														
end																	
																	